BLOCK ULID                  MIN TIME       MAX TIME       DURATION        NUM SAMPLES  NUM CHUNKS   NUM SERIES   SIZE
01K2RPQ65M36A4NQ4ABGQ2AZRV  1754589600471  1754848800000  71h59m59.529s   1384424      11908        614          4897752
01K3Z7YFQH5T62B0GJ8C7TE73Z  1754848800282  1756598400000  485h59m59.718s  9097543      76654        26           32448222
01K5KCFXQ1PWWQGRVXTZCVASWS  1756598403319  1758348000000  485h59m56.681s  11272703     94722        34           40028364
01K77H1CV51PEYKJGD410TBW0R  1758348004663  1760097600000  485h59m55.337s  11897072     99997        34           42126110
01K8VNK0FB6ZDHRBX12Y8NH59P  1760097601901  1761847200000  485h59m58.099s  11895296     99977        34           41737468
01KAFT4N8MBKT3YXZZFEA6QV48  1761847203956  1763596800000  485h59m56.044s  11896869     99917        34           41339950
01KC3YP438MGSXCB4WDJB8WT1K  1763596801922  1765346400000  485h59m58.078s  10377559     87138        34           35995718
01KDR37SEX6WZZ7WZ3BXGMEY55  1765346404131  1767096000000  485h59m55.869s  11890538     99880        34           40631232
01KFC7SAQ2TP0FG30PJNYHXV4H  1767096002958  1768845600000  485h59m57.042s  11895401     99850        34           40999352
01KH0CASDHZF2ZMDCPB3A02GJP  1768845602169  1770595200000  485h59m57.831s  11891191     99839        34           41282382
01KJMGWAQ052BJVT1D60TGAM95  1770595204027  1772344800000  485h59m55.973s  11895989     99896        34           40144844
01KM8NDV4AHWN8ARAESCMNP5EM  1772344803445  1774094400000  485h59m56.555s  11895883     100002       34           41693811
01KNWSZK8G45HR4T6FY0MWAWF8  1774094402212  1775844000000  485h59m57.788s  11643113     97870        34           40808564
01KQGYH0N4KWM9CNBA4BFZGV4M  1775844003804  1777593600000  485h59m56.196s  11815146     99258        34           41358668
01KS532GN6Y5NHG4S7WDEBA4MP  1777593604293  1779343200000  485h59m55.707s  8735305      73451        34           30288019
01KTS7M3D0RFF4PRW849QKCS43  1779343202739  1781092800000  485h59m57.261s  11747317     98632        34           40893095
01KWDC5PHQSDFC6W8ENPGXT1XB  1781092803419  1782842400000  485h59m56.581s  11893945     99957        34           41845166
01KY1GQ5S30EPRFCDFZKSAR11T  1782842404738  1784592000000  485h59m55.262s  11896985     99941        34           41257635
01KY7A3YD1HA119SV9FE7P8PEK  1784592002321  1784786400000  53h59m57.679s   1321920      11105        34           4659868
01KYD3GDAH2M1N7PAC5KNPQESK  1784786402488  1784980800000  53h59m57.512s   1163493      9799         34           4100722
01KYF19YK9PQF3CG0S2EA2TRV8  1784980802571  1785045600000  17h59m57.429s   64800        558          5            241682
01KYFNX92998ZQA2JZ46RM4CM2  1785045602682  1785067200000  5h59m57.318s    21600        186          5            81547
01KYFF1D1BS85Q8A2TBFAW9TD7  1785067202709  1785074400000  1h59m57.291s    7200         62           5            27874
01KYFNX9174V39YNXG7VW6MT9D  1785074402724  1785081600000  1h59m57.276s    7200         62           5            27617
01KYFWS07J1M874BCAWDPQWW9D  1785081602718  1785088800000  1h59m57.282s    7200         62           5            27187
